Al
3
13
26.981
2.7
125
933
2792
Cd
4
48
112.411
8.65
155
594
1040
Cr
2
24
51.996
7.15
140
2180
2944
Co
4
27
58.933
8.90
135
1768
3200
Cu
3
29
63.546
8.92
145
1357
2835
Au
3
79
196.967
19.30
174
1337
3129
Fe
2
26
55.842
7.86
156
1811
3134
Pb
3
82
207.210
11.34
154
601
2022
Mo
2
42
95.942
10.28
190
2896
4912
Ni
3
28
58.693
8.91
149
1728
3186
Pt
3
78
195.078
21.09
177
2041
4089
Ta
2
73
180.948
16.69
200
3290
5731
Ti
4
22
47.867
4.506
176
1941
3660
W
2
74
183.841
19.25
193
3695
5828
Zn
4
30
65.409
7.14
142
693
1180
V
2
23
50.942
6.00
175
2183
3680
Mn
2
25
54.938
7.21
161
1519
2334
Ga
1
31
69.723
5.91
136
303
2477
Se
4
34
78.963
4.81
103
494
958
Rb
2
37
85.468
1.532
265
312
961
Sr
3
38
87.621
2.64
219
1050
1655
Y
4
39
88.906
4.47
180
1799
3609
Zr
4
40
91.224
6.52
155
2128
3682 
Nb
2
41
92.906
8.57
198
2750
5017
Tc
4
43
98.000
11.00
183
2430
4538
Ru
4
44
101.072
12.45
178
2607
4423
Rh
2
45
102.906
12.41
173
2237
3968
Pd
3
46
106.421
12.02
169
1828
3236
Ag
3
47
107.868
10.49
165
1235
2435
In
1
49
114.818
7.31
156
430
2345
Sn
1
50
118.710
7.27
145
505
2875
Te
4
52
127.603
6.24
123
723
1261
Xe
3
54
131.293
0.00
130
161
165
Cs
2
55
132.905
1.94
298
302
944
Ba
2
56
137.327
3.51
253
1000
2170
La
4
57
138.906
6.16
195
1193
3737
Ce
3
58
140.116
6.77
185
1068
3716
Pr
4
59
140.908
6.77
247
1208
3793
Nd
4
60
144.243
7.01
206
1297
3347
Pm
4
61
145
7.26
205
1315
3273
Eu
2
63
151.964
5.24
231
1099
1802
Gd
4
64
157.253
7.90
233
1585
3546
Tb
4
65
158.925
8.23
225
1629
3503
Dy
4
66
162.500
8.54
228
1680
2840
Ho
4
67
164.930
8.79
227
1734
2993
Er
4
68
167.259
9.07
226
1770
3141
Tm
4
69
168.934
9.32
222
1818
2223
Yb
3
70
173.043
6.90
0
1097
1469
Lu
4
71
174.967
9.84
0
1925
3675
Hf
4
72
178.492
13.31
208
2506
4876
Ta
2
73
180.948
16.69
200
3290
5731
Re
4
75
186.207
21.02
188
3459
5869
Os
4
76
190.233
22.61
185
2206
5285
Ir
3
77
192.217
22.65
180
2719
4701
Tl
4
78
204.383
11.85
156
577
1746
Po
1
84
209
9.196
135
527
1235
Rn
3
86
222
0
150
202
211.3
Ra
2
88
226.025
5.5
215
973
2010
Th
3
90
232.038
11.7
180
2115
5061
Pa
1
91
231.036
15.37
180
1841
4300
U
1
92
238.029
19.1
175
1405
4404
Pu
1
94
244
19.82
175
912
3501
Am
4
95
243
12
175
1449
2880
Cm
4 
96
247
13.51
0
1613
3383
Cf
4
98
251
15.1
0
1173
1743
H
4
1
1
0
53
14
20
He
4
2
4.002
0
31
1
4
Li
2
3
6.941
0.53
167
454
1615
Be
4
4
9.012
1.85
112
1560
2742
N
4
7
14.006
0
56
63
77
O
1
8
15.999
0
48
54
90
F
1
9
18.998
0
42
53
85
Ac
3
89
227
10
195
1323
3471
Ne
3
10
20.179
0
38
25
27
Na
2
11
22.990
0.97
190
371
1156
Mg
4
12
24.305
1.74
145
923
1363
Si
3
14
2.086
2.33
111
1687
3538
Cl
1
17
35.453
0
79
171
239
Ar
3
18
39.948
0
71
84
88
K
2
19
39.093
0.89
243
337
1032
Ca
3
20
40.078
1.55
194
1115
1757
